# UCTE Grid-Wide Disturbance data used in
#
# Y. Susuki and I. Mezic, 
# Nonlinear Koopman modes and power system stability assessment without models, 
# IEEE Transactions on Power Systems, vol.29, no.2, pp.899-907, March (2014).
#
# Sampling period = 30 sec
# Belgium, Switzerland, D-RWE, Spain, France, Italy, Netherland, Portugal

  -8.2554e+01  -1.8831e+01  -1.4524e+02   1.7286e+01   5.0823e+01   2.7784e+02   2.7605e+01   2.7605e+01
  -7.1382e+01   1.9866e+01  -7.3005e+01   4.5663e+01   2.2883e+02   2.2109e+02   4.3083e+01  -2.6570e+01
  -1.3283e+02   4.3871e+00  -4.9788e+01   4.8243e+01   2.2625e+02   7.1461e+01   5.0823e+01  -1.6251e+01
  -1.0490e+02   2.7605e+01  -1.4782e+02   7.4040e+01   2.7268e+02   1.8239e+02   1.4706e+01  -1.8831e+01
  -1.7193e+02  -3.3521e+00  -3.6889e+01  -1.1091e+01   1.6433e+02   2.8300e+02   5.3403e+01  -1.6251e+01
  -1.8031e+02  -1.3671e+01   7.6620e+01   1.4706e+01   2.5204e+02   2.5462e+02   3.0185e+01  -2.1410e+01
  -1.6355e+02  -1.3671e+01   8.9519e+01  -3.6889e+01   1.2564e+02   3.1138e+02   4.3871e+00   1.8074e+00
  -1.8869e+02  -1.8831e+01  -1.8831e+01  -2.9150e+01   1.1790e+02   3.5781e+02   4.8243e+01  -3.6889e+01
  -1.8310e+02  -4.9788e+01   8.9519e+01  -1.6251e+01   8.9519e+01   2.3141e+02   6.8881e+01  -2.1410e+01
  -2.0265e+02  -8.5116e+00   1.2048e+02  -1.0138e+02   2.2445e+01   3.7071e+02   6.1142e+01  -5.9319e+00
  -1.2445e+02  -7.7238e-01   1.1532e+02  -1.5298e+02  -1.8651e+02   2.2883e+02   9.4678e+01  -1.6251e+01
  -1.1607e+02  -1.8831e+01   8.9519e+01  -1.7104e+02  -7.3005e+01   2.7010e+02   4.8243e+01   4.3871e+00
  -1.1048e+02   1.7286e+01   1.8074e+00  -1.4266e+02  -1.9167e+02   1.5659e+02   3.2764e+01  -1.3671e+01
  -1.1328e+02   3.0185e+01  -7.5585e+01  -1.0138e+02  -1.9425e+02   2.0045e+02   3.5344e+01  -8.5116e+00
  -4.9038e+01   4.3871e+00  -8.5116e+00  -1.7362e+02  -1.2718e+02   1.3596e+02   1.7286e+01  -8.5116e+00
  -1.5523e+01   6.6301e+01   1.9866e+01  -2.9744e+02  -1.7104e+02   1.6691e+02   3.0185e+01  -1.6251e+01
  -3.2280e+01   3.5344e+01  -9.8803e+01  -2.5101e+02  -1.4782e+02   1.6691e+02   3.5344e+01  -7.7238e-01
  -3.4309e+01  -3.6889e+01  -1.0654e+02  -2.0715e+02  -6.5266e+01   1.1016e+02   1.7286e+01   8.1780e+01
   3.5344e+01  -4.4628e+01  -3.6889e+01  -2.3811e+02  -2.3811e+02   2.3399e+02   6.9669e+00   4.0504e+01
   1.5401e+02  -3.3521e+00  -3.6889e+01  -2.8197e+02  -2.2263e+02   2.8816e+02  -5.4947e+01   1.8074e+00
   1.1532e+02   4.3871e+00  -2.1410e+01  -2.8197e+02  -8.3325e+01   2.9848e+02  -5.7527e+01  -5.7527e+01
   4.4037e+02  -1.0396e+02   1.4885e+02  -3.5420e+02   6.1142e+01   1.7723e+02  -1.3671e+01  -1.6251e+01
   4.5069e+02  -1.2718e+02  -7.8165e+01  -4.5481e+02   1.5401e+02   1.4885e+02  -3.6889e+01  -7.7238e-01
   3.2428e+02  -1.2718e+02  -1.0912e+02  -4.6513e+02   3.5265e+02   1.3853e+02  -3.6889e+01   1.7286e+01
   2.3656e+02  -1.0396e+02  -2.2263e+02  -3.6968e+02   6.5449e+02   1.8239e+02   2.5025e+01   7.4040e+01
   1.6433e+02  -1.1686e+02  -1.6072e+02  -3.9031e+02   3.0106e+02   2.9848e+02  -7.7238e-01   2.2445e+01
   1.2306e+02  -7.5585e+01  -1.5556e+02  -4.3417e+02   2.7010e+02   1.7465e+02  -5.7527e+01   5.0823e+01
   5.3403e+01  -1.4008e+02  -9.8803e+01  -4.2643e+02   3.5781e+02   1.7207e+02  -6.7846e+01   2.2445e+01
  -6.7846e+01  -6.7846e+01   1.7207e+02  -4.7803e+02   3.6555e+02   1.4885e+02  -9.8803e+01   3.7924e+01
  -7.5585e+01  -2.6570e+01   2.4430e+02  -4.8835e+02   3.8877e+02   7.6620e+01  -1.5814e+02   1.8074e+00
  -6.7846e+01  -5.2367e+01   2.3656e+02  -6.1733e+02   4.3779e+02  -1.7878e+02  -1.3750e+02   2.7605e+01
  -7.8165e+01  -3.4309e+01   3.3975e+02  -6.1475e+02   4.3005e+02  -2.2521e+02  -1.5556e+02   3.7924e+01
  -4.2048e+01  -1.6251e+01   2.3141e+02  -5.2704e+02   6.2095e+02  -9.3644e+01  -1.8909e+02   1.7286e+01
  -1.5298e+02   1.9866e+01   1.3338e+02  -4.6771e+02   5.2808e+02  -7.0426e+01  -2.3811e+02  -7.7238e-01
  -1.6072e+02   1.8074e+00   6.6301e+01  -3.7742e+02   6.9576e+02  -1.4524e+02  -2.3811e+02  -1.1091e+01
  -2.3553e+02  -7.7238e-01   2.0819e+02  -3.8258e+02   7.4220e+02  -7.5585e+01  -2.7423e+02  -7.7238e-01
  -2.6133e+02  -3.3521e+00   2.0561e+02  -3.8516e+02   6.1063e+02   1.2126e+01  -3.4388e+02   9.5466e+00
  -2.5617e+02  -7.7238e-01   1.4111e+02  -3.5162e+02   5.3582e+02  -5.9319e+00  -3.1034e+02  -3.3521e+00
  -2.5359e+02   3.2764e+01   8.6939e+01  -2.5617e+02   5.3066e+02   5.0823e+01  -3.2582e+02   3.2764e+01
  -1.7620e+02   5.0823e+01   1.1790e+02  -2.2521e+02   4.0425e+02   1.4885e+02  -3.0518e+02   4.3083e+01
  -1.6330e+02   9.5466e+00   2.5978e+02  -1.6588e+02   3.7587e+02  -4.9788e+01  -3.5678e+02  -7.7238e-01