KiyamaX20_01:5秒ほど安定しながら発散していく
P 25 1 30
Q 15 2 1
V 35 20 10    
R 1 1 1 1     
W 1 1 1

KiyamaX20_02:xは01よりもよくなった。（ゆるやかに原点から遠ざかる感じ）
P  30   1  30
Q  35  20  10
V  15   1   1
W  1  1  1
R  1  1  1  1

KiyamaX20_03:5秒程度で傾きそうになるまで姿勢角が乱れた
P  30   5  30
Q  35  20  10
V  15   1   1
W  1  1  1
R  1  1  1  1

ここまでは機体が傾いていた説もある

KiyamaX20_04:同じく最初の３秒くらは落ち着いているがそのあとおかしくなる
P  30   2  30
Q  35  20  10
V  15   1   1
W  1  1  1
R  1  1  1  1

Kiyama_code08
P  20   1  30
Q  30  20  10
V  15   1   1
W  1  1  1
R  1  1  1  1
